%YAML:1.0
---
mean: !!opencv-matrix
   rows: 1
   cols: 1620
   dt: f
   data: [ 2.20890298e-01, 1.93417251e-01, 1.23016745e-01,
       1.35010824e-01, 1.03962295e-01, 4.03683819e-02, 3.70573215e-02,
       6.88459054e-02, 1.65301025e-01, 2.31516078e-01, 1.97962731e-01,
       1.25846863e-01, 9.30806920e-02, 8.87023583e-02, 5.26148863e-02,
       2.68874653e-02, 6.25715032e-02, 1.97974622e-01, 2.07634211e-01,
       1.94669947e-01, 1.81745231e-01, 2.18165442e-01, 2.36701339e-01,
       1.28651470e-01, 1.27305061e-01, 1.00076184e-01, 1.65026098e-01,
       2.33479470e-01, 2.01233774e-01, 2.04654247e-01, 1.98821902e-01,
       1.77091956e-01, 1.34565204e-01, 1.18419088e-01, 1.14703335e-01,
       1.85365051e-01, 2.08409667e-01, 1.55366555e-01, 8.72757435e-02,
       8.85727108e-02, 1.47861883e-01, 6.28939122e-02, 3.35374586e-02,
       6.33488595e-02, 1.83910325e-01, 2.27795213e-01, 1.92238331e-01,
       1.62267625e-01, 1.37316257e-01, 1.75815701e-01, 1.12458885e-01,
       7.89206922e-02, 1.24165028e-01, 1.97168976e-01, 1.98094591e-01,
       1.65453613e-01, 1.21605448e-01, 1.59856543e-01, 1.98476344e-01,
       1.15083635e-01, 7.46390522e-02, 1.15425013e-01, 1.57129288e-01,
       1.71712458e-01, 2.18188658e-01, 1.70050263e-01, 2.46907711e-01,
       2.10167289e-01, 1.77301303e-01, 8.58303756e-02, 1.67583495e-01,
       1.72834605e-01, 1.98109031e-01, 1.67931169e-01, 1.59863234e-01,
       1.18556350e-01, 1.52974784e-01, 1.01638339e-01, 9.57773998e-02,
       1.28038943e-01, 2.02130586e-01, 1.89343542e-01, 1.78777829e-01,
       1.17806263e-01, 1.01212740e-01, 1.93281546e-01, 1.31444991e-01,
       1.07123435e-01, 1.35150924e-01, 2.01518700e-01, 1.69202060e-01,
       1.67536855e-01, 1.72890559e-01, 1.91083729e-01, 1.71869338e-01,
       1.68395713e-01, 1.24582648e-01, 1.39083907e-01, 1.45343214e-01,
       2.02218711e-01, 1.14680864e-01, 1.26349255e-01, 1.70233399e-01,
       2.05924347e-01, 2.25111902e-01, 1.76384732e-01, 1.09949879e-01,
       1.84765294e-01, 2.01696545e-01, 1.10540092e-01, 7.51897022e-02,
       7.96500370e-02, 1.91635787e-01, 1.05289608e-01, 5.84694892e-02,
       8.49746093e-02, 1.83287725e-01, 2.19084591e-01, 6.39659315e-02,
       6.53022155e-02, 7.47698396e-02, 2.22522482e-01, 1.37693644e-01,
       8.01232904e-02, 1.24995872e-01, 2.18280032e-01, 1.50595516e-01,
       7.27517083e-02, 9.03700441e-02, 1.53214321e-01, 2.71924496e-01,
       2.41061911e-01, 1.10730521e-01, 6.34700656e-02, 1.29682824e-01,
       2.13746130e-01, 7.31660128e-02, 1.59611404e-01, 2.12195545e-01,
       2.84941852e-01, 2.68180102e-01, 1.87940150e-01, 1.06437393e-01,
       1.46796525e-01, 1.32942036e-01, 4.77129556e-02, 3.75709981e-02,
       7.55916089e-02, 2.26149604e-01, 1.43891528e-01, 1.05236851e-01,
       1.55350074e-01, 1.95462793e-01, 1.39132857e-01, 6.04432672e-02,
       4.49637398e-02, 1.03603691e-01, 2.32707754e-01, 1.65727332e-01,
       1.26577541e-01, 1.79527864e-01, 2.14459896e-01, 1.63751170e-01,
       8.54928643e-02, 1.13944478e-01, 2.06287250e-01, 2.88516134e-01,
       2.51709819e-01, 1.90758571e-01, 1.05112694e-01, 1.16921552e-01,
       1.40595585e-01, 9.40334201e-02, 9.20463651e-02, 1.78877413e-01,
       2.74228930e-01, 2.13809490e-01, 1.44429505e-01, 1.04197904e-01,
       1.24617226e-01, 1.20216228e-01, 1.17580146e-01, 1.28569931e-01,
       1.87941551e-01, 2.42356569e-01, 1.56557530e-01, 1.81192666e-01,
       8.25879276e-02, 1.00963950e-01, 1.52820334e-01, 1.50518656e-01,
       1.69110626e-01, 2.00272232e-01, 2.05575079e-01, 1.55134439e-01,
       1.48496643e-01, 9.23121423e-02, 1.15306333e-01, 1.26433879e-01,
       7.82756209e-02, 6.90350160e-02, 1.26817420e-01, 2.42356569e-01,
       2.07487911e-01, 1.92963868e-01, 9.74506661e-02, 1.15888834e-01,
       1.46894500e-01, 1.13149978e-01, 1.41698703e-01, 1.94410846e-01,
       2.29946613e-01, 2.33908445e-01, 2.03831583e-01, 1.43996865e-01,
       1.80659950e-01, 1.25063509e-01, 1.13422111e-01, 1.16249941e-01,
       1.46644756e-01, 2.07023859e-01, 1.21946357e-01, 8.38056281e-02,
       8.35429803e-02, 1.15121558e-01, 1.28408358e-01, 1.66327447e-01,
       1.87760755e-01, 2.38666162e-01, 2.72548229e-01, 1.30054280e-01,
       7.26933926e-02, 1.07322842e-01, 1.16193376e-01, 1.02630876e-01,
       8.99922252e-02, 1.50740176e-01, 1.66767448e-01, 2.03869104e-01,
       1.85254514e-01, 1.27704397e-01, 8.68059993e-02, 1.27969056e-01,
       1.25588253e-01, 1.50406003e-01, 2.36616537e-01, 3.00768167e-01,
       3.05288643e-01, 1.47064075e-01, 1.26456097e-01, 8.02523047e-02,
       9.70366672e-02, 1.38369411e-01, 1.03536054e-01, 1.46563649e-01,
       1.60490185e-01, 1.77628666e-01, 1.07029274e-01, 7.90611058e-02,
       6.75607622e-02, 1.17200166e-01, 1.97909161e-01, 7.86801428e-02,
       1.09369382e-01, 1.27120644e-01, 2.27673709e-01, 1.59245238e-01,
       1.30066469e-01, 7.20830858e-02, 1.96452916e-01, 1.26985580e-01,
       1.16639704e-01, 1.91338748e-01, 2.82504022e-01, 2.85692811e-01,
       1.19955108e-01, 1.10214941e-01, 7.43518770e-02, 1.16585776e-01,
       1.84499785e-01, 1.00193933e-01, 1.37063533e-01, 1.91475078e-01,
       2.85692811e-01, 1.75330579e-01, 1.20966420e-01, 1.05019420e-01,
       2.04275966e-01, 1.12482376e-01, 3.92692126e-02, 4.88290526e-02,
       1.00017823e-01, 2.73168176e-01, 1.72000989e-01, 1.01560295e-01,
       5.51977232e-02, 1.21292382e-01, 1.20365411e-01, 8.35781842e-02,
       1.06635109e-01, 2.05001891e-01, 3.03471863e-01, 2.06530109e-01,
       1.61136284e-01, 8.78694728e-02, 9.69969258e-02, 1.04935743e-01,
       4.92725931e-02, 6.89047277e-02, 1.41629815e-01, 3.03471863e-01,
       1.98743194e-01, 9.46991891e-02, 9.19316113e-02, 1.28113493e-01,
       1.06103212e-01, 1.26906499e-01, 1.24897480e-01, 2.61274576e-01,
       3.03471863e-01, 2.54578412e-01, 1.48810863e-01, 1.20039009e-01,
       1.21818960e-01, 1.13754168e-01, 9.25768167e-02, 1.08750999e-01,
       2.10554749e-01, 2.92243898e-01, 1.97213948e-01, 1.70638055e-01,
       8.33784714e-02, 6.46403581e-02, 9.79594365e-02, 6.51798844e-02,
       8.36199746e-02, 1.43575415e-01, 2.55459368e-01, 1.77425310e-01,
       1.22629821e-01, 3.91658507e-02, 5.14935069e-02, 1.16480730e-01,
       1.44259200e-01, 1.56642854e-01, 2.74147481e-01, 2.92243898e-01,
       2.35349804e-01, 1.44255102e-01, 1.09688953e-01, 9.20243114e-02,
       1.10911265e-01, 7.84652606e-02, 1.27068847e-01, 1.86715603e-01,
       2.89468020e-01, 2.10973114e-01, 1.06965154e-01, 6.54111877e-02,
       6.05713204e-02, 1.45923331e-01, 1.15831181e-01, 1.34673640e-01,
       8.40843618e-02, 1.77937955e-01, 7.97098577e-02, 8.40155184e-02,
       5.37534058e-02, 1.11744553e-01, 1.52632713e-01, 1.33957297e-01,
       1.37504190e-01, 1.19760998e-01, 1.54953018e-01, 1.45967349e-01,
       1.92597255e-01, 1.45021990e-01, 1.48936123e-01, 1.38472170e-01,
       1.54665381e-01, 1.99256048e-01, 1.78430274e-01, 2.46894836e-01,
       9.26298350e-02, 1.33068666e-01, 9.35728252e-02, 9.53643173e-02,
       1.51147455e-01, 1.76117375e-01, 2.45141760e-01, 1.77226603e-01,
       1.92893803e-01, 1.83231041e-01, 2.54487932e-01, 1.85217261e-01,
       1.17128223e-01, 6.56360313e-02, 6.21246547e-02, 9.37213302e-02,
       1.14927351e-01, 1.47752047e-01, 1.35648474e-01, 1.77459136e-01,
       1.18980639e-01, 7.94236735e-02, 6.32421449e-02, 7.82044977e-02,
       1.31693646e-01, 2.33869851e-01, 2.70056486e-01, 1.18840799e-01,
       1.16016373e-01, 5.97576201e-02, 6.33717403e-02, 1.11913405e-01,
       1.20762870e-01, 1.51809216e-01, 1.46505058e-01, 1.94112703e-01,
       2.10951462e-01, 2.22182840e-01, 1.94610715e-01, 8.38295594e-02,
       1.24622107e-01, 9.61813331e-02, 2.31573284e-01, 2.35072717e-01,
       2.68910080e-01, 1.59417138e-01, 2.12821320e-01, 1.34587154e-01,
       1.12255871e-01, 5.67342862e-02, 6.43984377e-02, 1.02891862e-01,
       2.31802404e-01, 3.27160388e-01, 1.24677904e-01, 8.87323916e-02,
       5.97719029e-02, 5.23666590e-02, 7.23546594e-02, 6.44614547e-02,
